-0.1357302536698908 0.968469025420953 0.2089139656387207
-0.5328111159016683 0.4660196851802356 -0.7063554118120234
-0.4314132204868532 -0.7420738846694269 -0.5130389681893451
-0.9437025472921071 0.07519147580204368 0.3221362199460024
0.5379569934032873 -0.06369860596411871 -0.8405621695310368
0.6767968185661668 -0.7264836040407241 0.1190278935322123
-0.9393442755978219 0.1290193676009554 -0.3177834713849242
0.8814095657481829 0.4652811497626084 0.0814286748214966
-0.06024342264282124 0.8480963682491138 -0.5264060031866487
0.596390683840389 0.5232537752983666 -0.6087065293426708
-0.007550160078673684 -0.2599026936913168 0.9656052945664622
0.03157581724063049 -0.4831275980114086 -0.874980395097692
0.589227905770766 -0.6271784501757732 -0.5093698721912325
-0.4274068247687016 -0.8954647715444359 0.1243633750909311
-0.5717827848903221 -0.184640750444465 -0.7993573920208484
