-0.334033871379131 -0.6008405950143215 0.7262313351503819
-0.5090723288092943 0.6384882601735571 -0.5772158224279944
-0.6586078547353812 -0.1951576679229193 -0.7267387276949995
0.2418693942903391 0.1926606564360084 -0.950989520219477
-0.6892571538492991 -0.626984723596128 0.3630629866079035
-0.9491011302457433 -0.2085232663504689 0.2360616274551714
-0.83898294448202 0.2213616602799896 -0.4970982138635844
0.7862929552730029 -0.5821115907371247 0.2070977653610531
-0.7408562870348064 0.6304478595758233 0.2316623800215814
-0.1100861035753195 0.4983726708451123 -0.8599451905524641
0.4923871601867724 0.867042589770965 0.07610540063926939
0.3284986749927005 -0.8881523189206132 -0.3213628462096663
-0.2972710450600417 -0.4890080434097918 -0.8200616191783626
-0.8326733475241946 -0.5489011186190166 -0.07323017343721341
0.1978173778838912 0.03171941523154272 0.9797255552982737
0.3028675739521327 0.8868348084977229 -0.3489917693659219
0.2095097677462901 0.8746469890015253 0.4371479175856402
-0.8676391357928639 0.2064834357908166 0.4522907480643749
-0.5710116719868408 0.1195477915929664 0.8121908617929885
-0.006710726518150982 -0.9999696950081245 -0.003946544685784833
-0.700504573030027 -0.2759412891384275 0.6581411308470566
0.9304853244902126 0.18906223174908 0.3137714668901576
-0.6217778324939348 -0.607652381127292 -0.4941162927180977
-0.1066074380911107 0.7067227617325279 0.6994124621371846
-0.9803325419848062 0.1971451794256862 -0.00904905270303249
-0.1076861971677528 0.851254355729516 -0.5135851485304793
0.540751174224954 -0.5499422228945609 -0.6365152936513959
-0.4318108726079934 0.8906754637071207 -0.1422553642138989
-0.1643794859488053 0.309875224063246 0.9364596788495273
0.5091662133680641 -0.244190211168667 0.825300495537128
